229 219 199 216 235 255 266 285 272 241 246 281 284 275 261 273
221 214 195 216 234 258 273 289 281 249 259 278 287 272 275 277
213 203 196 206 221 232 259 293 294 277 258 285 287 283 288 286
204 195 200 201 209 218 231 259 288 306 286 291 301 311 319 298
196 207 201 211 239 234 241 259 294 315 317 321 325 322 325 341
208 218 204 214 235 260 239 268 298 291 331 313 281 280 280 280
216 231 218 196 220 255 271 253 264 303 322 312 276 243 238 239
236 242 218 198 200 215 224 238 261 294 324 312 280 255 220 200
255 241 219 211 206 225 252 275 284 285 305 316 271 237 208 191
245 218 207 198 214 241 261 256 273 276 291 298 281 238 197 175
225 215 205 195 208 221 235 252 262 271 301 275 245 212 181 171
